5, 1352, -252, 14928, 182, -395, -96
17, 1352, -168, 15120, 181, -394, -176
30, 1156, -224, 15000, 221, -292, -193
71, 1168, -292, 14980, 202, -307, -106
113, 1408, -332, 15024, 91, -273, -56
153, 1276, -260, 15040, -2, -366, -134
195, 1384, -264, 15116, -63, -547, 18
236, 1416, -336, 14864, -43, -520, -52
277, 1380, -236, 14840, 230, -40, 39
317, 1212, -328, 15032, 366, -62, -149
359, 1312, -308, 15168, 329, 179, -188
400, 1232, -556, 14756, 150, -175, -271
443, 1316, -316, 14812, 161, -183, -229
485, 1468, -332, 15208, 212, -94, -149
527, 1124, -408, 15104, 155, -220, -291
570, 1496, -372, 15036, 231, -179, 81
610, 1324, -352, 15148, 200, -238, -142
653, 1224, -264, 15200, 49, -221, -114
695, 1204, -476, 14920, 192, -66, -34
735, 1220, -412, 15032, 130, -162, -162
778, 1336, -304, 14964, 119, -489, -217
820, 1228, -364, 14844, 102, -242, -121
863, 1208, -204, 14972, 286, -265, 49
904, 1348, -360, 15036, 136, -147, -124
946, 1288, -424, 14884, 188, -156, 121
988, 1352, -304, 15040, 256, -251, -3
1029, 1124, -328, 15000, 293, -99, -133
1071, 1160, -436, 15184, 147, -327, -165
1115, 1228, -248, 15024, 109, -210, -378
1159, 1336, -452, 14964, 282, -250, -180
1202, 1380, -372, 15024, 245, -220, -83
1245, 1320, -432, 14992, 316, -170, 15
1286, 1344, -264, 15200, 210, -98, -172
1329, 1224, -332, 15132, 108, -310, -161
1373, 1192, -264, 15136, 108, -234, -16
1415, 1272, -388, 14840, 195, -267, -214
1459, 1240, -436, 15076, 172, -279, -35
1502, 1124, -236, 15036, 269, -334, -294
1545, 1176, -328, 14988, 301, -84, -178
1588, 1344, -208, 15140, 212, -316, -211
1632, 1220, -400, 15044, 107, -228, -330
1675, 1312, -336, 14920, 122, -300, 2
1716, 1324, -96, 15048, 295, -322, -151
1759, 1136, -416, 15240, 220, -202, -205
1802, 1212, -216, 14912, 147, -277, -48
1845, 1344, -168, 14960, 207, -267, -164
1888, 1284, -320, 14884, 179, -475, -56
1931, 1240, -248, 14912, 155, -441, -137
1975, 1400, -304, 14860, 196, -108, -48
2017, 1292, -340, 14972, 196, -335, -197
2061, 1208, -304, 15048, 135, -257, -96
2104, 1388, -320, 15000, 169, -288, -249
2147, 1460, -268, 15124, 118, -176, -206
2191, 1264, -332, 14840, 184, -203, -64
2234, 1332, -256, 14992, 176, -258, -253
2277, 1284, -280, 15200, 233, -308, -62
2320, 1392, -284, 15120, 193, -314, -234
2364, 1340, -300, 15008, 213, -263, -67
2406, 1248, -308, 14948, 195, -218, -122
2450, 1300, -300, 14980, 266, -343, -222
2494, 1288, -268, 15036, 145, -222, -189
2537, 1364, -296, 15016, 207, -221, -298
2581, 1380, -316, 14956, 196, -235, -140
2625, 1468, -228, 15084, 255, -284, -178
2668, 1388, -244, 15088, 202, -56, -7
2709, 1308, -228, 15168, 124, -314, -160
2752, 1228, -316, 15148, 109, -244, -76
2795, 1336, -396, 14912, 140, -259, -231
2839, 1372, -396, 14796, 246, -60, -80
2880, 1272, -272, 14908, 172, -335, -234
2924, 1348, -384, 15020, 162, -322, -87
2967, 1384, -280, 14908, -26, -154, -220
3010, 1236, -352, 15084, 89, -352, -184
3053, 1384, -348, 15044, 138, -257, -65
3096, 1332, -248, 15140, 219, -62, -157
3138, 1304, -340, 14808, 240, -286, -6
3180, 1248, -244, 15080, 295, -126, -288
3224, 1316, -512, 15140, 218, -206, -74
3266, 1492, -208, 15032, 148, -219, -251
3310, 1236, -252, 14968, 125, -381, -234
3354, 1412, -380, 15004, 193, -250, 125
3396, 1236, -212, 14928, 156, 133, -267
3439, 1136, -240, 15128, 150, -516, -279
3482, 1384, -332, 14868, 221, -187, -160
3526, 1536, -284, 15040, 190, -207, -310
3570, 1400, -200, 15140, 260, -348, -42
3612, 1248, -156, 15168, 49, -98, -165
3654, 1304, -416, 15108, -14, -416, -207
3698, 1384, -256, 14816, 151, 11, -117
3739, 1236, -212, 15008, 376, -262, -365
3783, 1332, -436, 15224, 174, -84, -32
3825, 1352, -192, 14932, 212, -132, -249
3868, 1316, -288, 15180, 238, -369, -174
3912, 1392, -328, 15060, 202, -72, -108
3955, 1292, -264, 15020, 112, -169, -512
3998, 1340, -400, 14876, 109, -344, -190
4042, 1468, -356, 14904, 206, -149, -41
4084, 1340, -268, 14900, 212, -220, -384
4128, 1276, -328, 14868, 510, -84, 281
4170, 1384, -48, 15240, 420, -379, -173
4212, 1148, -316, 15152, 301, -235, -155
4256, 1296, -80, 15216, 219, -200, -252
4299, 2312, -12, 15224, 229, -335, -293
4341, 3820, -256, 15492, -367, 316, 1706
4385, 2700, -484, 15232, -408, 834, 4833
4429, 436, 276, 14972, -650, -599, 4544
4471, -108, -680, 15160, -1075, -2837, 3462
4518, 316, -460, 15472, -1209, -4902, 3497
4564, 1668, -808, 14364, -296, -7893, 2057
4610, 2136, -812, 14936, -27, -3586, 3185
4655, 2476, -960, 16736, -523, -653, 4729
4700, 2048, -1220, 16820, -2020, -976, 4032
4746, 2408, -1852, 15884, -3759, -3180, 3653
4794, 2140, -2456, 15524, -4953, 1004, 3898
4841, 1140, -3120, 14764, -5363, 2685, 3492
4888, 1048, -3036, 14596, -4532, 625, -1383
4934, 712, -3312, 14220, -3315, 340, -4255
4980, 1340, -3544, 13724, -2360, 212, -6301
5027, 2516, -3812, 13240, -1558, -155, -7270
5074, 2600, -3672, 13588, -714, 5606, -5717
5122, 2744, -3332, 13796, -139, 6399, -5282
5169, 1796, -3180, 14480, 844, 2779, -4497
5214, 3988, -3160, 11668, 1148, 951, -3835
5260, 3248, -2916, 13512, 2336, 427, -3289
5306, 2100, -2952, 12580, 2861, 1389, -1361
5353, 1556, -2600, 12496, 4239, -840, -1725
5399, 880, -1396, 13984, 5384, -410, -764
5444, 2004, -1416, 15592, 5086, -926, 416
5489, 1736, -1796, 15440, 4735, 982, -826
5533, 1516, -1760, 15484, 4015, 367, -790
5578, 2144, -1224, 15572, 3298, 569, -1115
5624, 2060, -804, 15756, 2357, -458, 102
5667, 2276, -640, 15892, 1523, 328, 695
5710, 1928, -692, 15624, 757, 949, 858
5752, 1428, -488, 15452, 628, 567, 2597
5794, 1188, -304, 15444, 262, 641, 1374
5837, 472, -424, 15560, -166, 854, 2120
5879, 492, -240, 15820, -38, 508, 1560
5921, 212, -448, 15180, -407, 637, 1616
5964, 436, -556, 15136, -490, 187, 1598
6006, -176, -556, 15428, -458, 236, 891
6049, -236, -828, 15108, -494, 403, 1102
6093, -204, -892, 15108, -460, 22, 257
6134, -224, -932, 15132, -520, -483, 427
6178, 168, -612, 14704, -604, -453, 266
6221, 0, -800, 14756, -225, -46, 250
6260, 16, -684, 14680, -233, -528, 70
6301, 476, -728, 15060, -32, -1561, -513
6344, 444, -880, 14944, -88, -886, -90
6386, 472, -856, 14844, 229, -334, 202
6428, 616, -872, 15204, -60, -443, -464
6470, 444, -836, 15136, -22, -706, -224
6513, 756, -688, 14876, 36, -332, -388
6555, 448, -964, 14844, 241, -286, -546
6597, 760, -1112, 14936, 192, -701, -305
6641, 776, -904, 15024, 276, -424, -273
6684, 892, -856, 14972, 152, -464, -8