17, 1748, 420, 15020, 141, -366, -257
30, 1744, 344, 15080, 191, -318, -199
69, 1780, 392, 14900, 188, -161, -139
110, 1732, 352, 14864, 247, -277, -112
151, 1860, 516, 15232, 255, -283, -162
193, 1660, 556, 15136, 257, -219, -123
235, 1712, 340, 15128, 219, -289, -159
276, 1684, 284, 14956, 110, -250, -257
318, 1700, 388, 15012, 198, -410, -181
360, 1744, 440, 14868, 214, -116, -127
401, 1700, 420, 15248, 164, -504, -195
443, 1708, 356, 15064, 158, -127, -96
483, 1612, 260, 14980, 283, -285, -120
525, 1724, 356, 15004, 220, -180, -57
566, 1744, 448, 15112, 218, -352, -302
607, 1680, 452, 15168, 176, -358, -32
648, 1748, 424, 15180, 169, -260, -266
689, 1908, 432, 15044, 110, -311, -250
731, 1740, 464, 14876, 211, -93, -47
771, 1672, 464, 15172, 228, -222, -195
812, 1564, 416, 14976, 282, -168, -236
854, 1808, 416, 15096, 340, -240, -204
896, 1744, 380, 15004, 272, -50, -218
935, 1872, 452, 15128, 257, -141, -123
977, 1568, 324, 15128, 84, -130, -170
1017, 1692, 424, 14920, 235, -155, -161
1060, 1576, 452, 14884, 287, -81, -105
1102, 1688, 492, 15136, 338, -336, -147
1144, 1596, 312, 15164, 268, -100, -107
1187, 1648, 508, 15080, 222, -129, -68
1229, 1672, 540, 14972, 262, -141, -101
1271, 1628, 468, 14988, 227, -153, -113
1314, 1724, 332, 14956, 223, -53, -31
1354, 1660, 524, 15020, 143, -136, 63
1395, 1552, 392, 15124, 257, 280, 36
1435, 1400, 528, 14924, 296, 176, -214
1476, 1532, 420, 15040, 343, 39, -160
1517, 1440, 412, 15136, 301, -173, -147
1560, 1492, 444, 15028, 279, -158, -62
1601, 1436, 452, 15044, 136, -265, -165
1644, 1308, 476, 15088, 156, -212, -115
1686, 1376, 456, 14920, 166, -288, -121
1729, 1364, 568, 15248, 291, -76, 35
1769, 1412, 456, 14856, 279, -215, -181
1811, 1484, 404, 15080, 266, -182, -162
1854, 1476, 420, 15036, 186, -278, -126
1897, 1440, 540, 14956, 168, -231, -65
1938, 1336, 476, 14956, 241, -14, -129
1980, 1304, 464, 15112, 171, -343, -329
2023, 1416, 572, 15024, 168, -114, -157
2065, 1484, 492, 14948, 185, -315, -189
2108, 1516, 600, 15020, 211, -146, -90
2149, 1424, 512, 14960, 127, -219, -244
2192, 1364, 508, 15004, 85, -358, -84
2233, 1268, 452, 15080, 224, -370, -107
2275, 1352, 408, 15064, 136, -216, -244
2318, 1456, 528, 15008, 298, 0, -295
2358, 1488, 564, 14828, 174, -454, -192
2400, 1520, 648, 14804, 355, -138, -201
2443, 1448, 588, 14972, 198, -299, -112
2485, 1492, 368, 15004, 247, -328, -145
2528, 1480, 500, 15000, 220, -288, 16
2569, 1340, 640, 14992, 263, -215, -126
2611, 1384, 480, 15104, 166, -305, -306
2654, 1424, 484, 15000, 110, -201, -277
2697, 1564, 524, 14960, 142, -299, -177
2739, 1588, 536, 14820, 238, -169, -42
2781, 1428, 456, 15108, 252, -323, -159
2824, 1392, 632, 15216, 272, -224, -195
2866, 1388, 484, 15016, 98, -346, -227
2908, 1516, 540, 15004, 199, -136, -231
2950, 1532, 512, 15024, 160, -300, -234
2993, 1400, 456, 14904, 188, -291, -202
3036, 1508, 644, 15008, 305, -254, -252
3078, 1276, 444, 15056, 205, -339, -294
3121, 1404, 612, 15148, 216, -270, -210
3164, 1488, 568, 14844, 242, -380, -153
3206, 1332, 448, 15260, 283, -366, -87
3248, 1384, 680, 15000, 164, -451, -105
3291, 1416, 560, 14860, 290, -76, -162
3332, 1512, 576, 15076, 168, -293, -56
3374, 1900, 772, 14652, 230, -140, 67
3414, 1984, 472, 14304, -171, 474, 628
3456, 1896, 484, 14292, 460, 742, 1719
3497, 1912, 1016, 14596, 320, 943, 2323
3539, 1912, 1120, 14968, 462, 1549, 3091
3584, 2024, 1148, 15184, -315, 1559, 4238
3629, 1856, 1428, 14876, -1122, 2575, 7990
3674, 1072, 432, 15260, -171, 2328, 8712
3718, -524, -136, 15264, 577, -279, 11433
3763, -72, -56, 16656, -755, -7121, 12391
3807, 1196, -552, 18372, -1488, -10291, 12098
3856, 388, -268, 16240, -4405, 3122, 15771
3902, -864, 240, 16180, -5695, 1568, 11464
3947, -1104, -608, 16088, -6290, 725, 6480
3993, -284, -1408, 15500, -5371, 1323, 689
4039, -616, -2280, 15232, -5777, 529, -1788
4086, -608, -2632, 15080, -6309, 980, -3879
4132, -692, -2968, 14788, -6590, 2212, -5182
4180, -384, -3460, 13204, -6966, 10553, -6564
4230, -1604, -4188, 13504, -7190, 16462, -9516
4279, -1220, -5092, 12764, -3668, 1722, -10452
4329, -56, -5508, 12136, -2351, 478, -11632
4376, 972, -5588, 12124, -302, 1006, -11254
4423, 1444, -5208, 11440, 2612, 2665, -10104
4470, 2276, -4760, 11976, 5710, 1751, -10465
4518, 1920, -3844, 12444, 6268, 2960, -7389
4566, 2436, -3356, 11524, 6164, 2297, -6797
4612, 3400, -3576, 14668, 5808, -584, -3888
4659, 1784, -4184, 14524, 9234, 535, -4953
4705, 1360, -4004, 13496, 7182, -1090, -3527
4753, 1924, -2968, 15024, 6578, -441, -3575
4799, 396, -2404, 14704, 7239, -117, -1863
4845, 1932, -2012, 15520, 5450, -316, -1473
4892, 684, -1432, 15612, 4455, 116, -490
4935, 2200, -844, 16312, 1347, -2235, 2143
4981, 1452, -404, 16324, 1612, 1441, 2259
5026, 1140, -272, 15528, -91, -30, 3928
5068, 1132, -44, 15504, 141, -269, 3287
5111, 660, 56, 15284, 321, 184, 3277
5151, 856, 4, 15176, -890, -2207, 2662
5192, 492, -16, 15800, 32, 33, 2449
5231, 104, -396, 15204, -201, -469, 2879
5274, 328, -544, 15292, -1077, -1014, 2406
5320, -180, -588, 15392, -311, -318, 2253
5365, 316, -428, 15064, -738, -1074, 2341
5409, 416, -660, 15260, -633, -1219, 934
5453, 340, -680, 14700, -256, -333, 1280
5497, 676, -680, 14816, -549, -1911, 595
5540, 692, -852, 15416, 673, -78, 263
5581, 860, -564, 14776, 375, -1034, 16
5623, 1100, -416, 15464, 658, -1182, -320
5667, 1100, -640, 14836, 586, -119, -420
5711, 1460, -804, 14780, 53, -98, -756
5753, 1280, -644, 15084, 453, 0, 128
5792, 1396, -656, 14812, 104, 176, -344
5835, 1152, -952, 14776, 231, 435, -793
5877, 900, -1080, 14824, 534, 173, -186
5920, 888, -664, 14988, 557, 289, -10
5961, 764, -148, 15648, 668, 147, -206
6002, 956, -104, 15336, 245, -222, -978
6045, 1236, -480, 15204, 404, -256, -1347
6090, 1260, -636, 15064, -99, -569, -546
6133, 1160, -520, 14972, -60, -324, -179
6177, 1100, -552, 14864, -189, -106, -52
6221, 1004, -612, 15088, -159, -276, -30
6264, 964, -740, 14840, 35, -32, -344
6305, 984, -832, 14912, 198, -651, -157
6347, 976, -588, 15016, 349, -430, -464
6390, 928, -644, 14920, 363, -674, -388
6433, 1124, -432, 15156, 379, -621, -443