5, 576, 1192, 14616, 128, -614, -40
17, 968, 1028, 14372, 78, -244, -11
30, 1248, 960, 14424, -12, 114, -193
65, 732, 1508, 14928, -457, 226, -267
106, 1420, 952, 15872, -357, 496, 66
145, 1860, 448, 15816, 886, 1268, -1103
188, 276, 1264, 14184, 1917, 2856, -590
231, 328, 800, 14828, 1405, 2372, 456
271, 776, 236, 14896, 514, -374, -993
312, -564, 1040, 14760, -140, -965, -1235
356, -1000, 1456, 15420, -264, -529, -225
401, -660, 1632, 15728, -109, -1829, 692
445, 984, 584, 15112, 101, -1337, 1035
486, 1388, 796, 14680, 389, -453, -151
528, 792, 968, 14728, -438, -1095, 504
570, 1332, 360, 15616, -500, -719, 66
610, 1128, 1032, 15652, 105, -155, -431
653, 920, 884, 15616, 177, -85, -525
693, 564, 1088, 15620, 363, -1117, -617
735, 620, 980, 14864, 607, -1003, -141
777, 872, 972, 14860, 498, -515, -410
817, 104, 1572, 15984, 526, -1405, -239
860, 1332, 692, 14436, 486, -1042, 284
902, 888, 1092, 14844, 272, -116, -329
943, 668, 980, 14932, 156, -304, 193
983, 1448, 732, 14572, -249, -235, -35
1025, 996, 968, 15444, 4, 217, -670
1062, 568, 1324, 15220, 20, -481, 90
1102, 1140, 624, 14996, 126, -361, -39
1143, 1360, 832, 15032, 59, -369, -481
1185, 624, 1096, 14848, -24, -773, -44
1227, 1556, 540, 15052, -46, -76, -402
1268, 940, 1028, 15144, 6, -273, -637
1309, 444, 1232, 15280, 77, -259, 122
1349, 1420, 424, 14472, -443, -649, 12
1391, 1356, 756, 15836, -1547, -365, 479
1435, 1364, 464, 15288, 483, -264, -111
1477, 892, 776, 15072, 242, -692, -472
1519, 636, 748, 14920, 167, 211, -24
1559, 1288, 448, 15332, 39, -138, 74
1598, 792, 976, 14712, 47, -564, -17
1638, 1148, 768, 14976, 66, -402, 115
1678, 1724, 412, 15072, 153, -253, -11
1720, 1648, 440, 15140, -25, -27, -520
1762, 1400, 572, 15904, -119, -194, -1081
1806, 924, 756, 15056, 508, -336, -403
1848, 740, 776, 15188, 363, -96, -455
1888, 792, 804, 14664, 273, -345, -262
1930, 972, 652, 15224, 207, -90, -165
1971, 1372, 732, 15044, 324, -806, -359
2013, 1416, 556, 14928, 90, 164, -340
2054, 1476, 348, 15676, 209, -590, -200
2097, 1392, 328, 15248, 395, -42, -852
2138, 312, 1096, 14756, 183, -328, -523
2181, 956, 520, 14996, 229, 24, 68
2217, 1104, 724, 15332, 776, 282, -343
2259, 1008, 620, 14928, 484, -299, -133
2302, 1232, 540, 14960, 154, -61, -258
2343, 1444, 372, 15016, 437, 57, -414
2384, 752, 896, 15124, 216, -199, -454
2426, 552, 860, 14432, -87, -438, -39
2466, 744, 796, 15536, 44, 195, 58
2504, 1344, 412, 15332, 70, -398, -14
2544, 764, 872, 15380, 338, -307, -90
2585, 1368, 524, 15088, 356, -309, 18
2626, 1004, 964, 15252, 267, -335, -252
2668, 1096, 648, 14788, 77, -246, 92
2708, 1296, 656, 14800, -174, -140, -33
2750, 904, 596, 14932, 78, 99, -279
2789, 696, 628, 15344, 206, -242, -21
2830, 1076, 676, 14888, 2, -349, -44
2869, 1144, 836, 15580, 241, -221, -103
2912, 1540, 396, 15044, 175, -239, -182
2955, 1180, 580, 15012, 186, -340, -559
2997, 684, 788, 15092, 39, -49, -566
3037, 480, 832, 14920, 115, -25, 60
3075, 836, 600, 15612, 319, -332, -111
3117, 1004, 504, 14656, 238, -155, -15
3159, 1036, 512, 15240, 119, -158, -296
3201, 1032, 556, 15040, 193, -8, -388
3241, 764, 756, 15284, 250, -394, -12
3281, 1132, 292, 15288, 319, -170, -88
3323, 1112, 564, 14732, 314, -373, -267
3366, 820, 728, 14972, 245, -369, -91
3406, 900, 528, 14808, 247, -184, -306
3448, 832, 812, 15536, 74, -50, -258
3488, 808, 708, 15204, 234, -320, -78
3528, 1328, 616, 15124, 246, 79, -70
3568, 1288, 500, 15192, 188, -539, -222
3610, 1148, 592, 15412, 253, -427, -689
3653, 820, 780, 14524, 190, -456, -338
3695, 744, 704, 15288, 74, 83, -223
3733, 756, 804, 14980, 297, -562, -66
3774, 912, 408, 15240, 270, 154, 60
3812, 1244, 360, 14812, 125, -644, -130
3855, 748, 668, 15076, 196, 10, -307
3895, 916, 608, 15016, 190, -328, 12
3934, 824, 588, 15220, 71, 113, -264
3974, 816, 776, 15256, 296, -427, -23
4014, 988, 480, 15048, 170, -446, -48
4055, 1000, 428, 15172, 75, -2, -202
4094, 616, 676, 15044, 195, -496, 3
4132, 688, 660, 15180, 232, 267, 48
4171, 656, 548, 15512, 387, -169, 274
4211, 648, 552, 14996, 452, 184, 236
4251, 540, 552, 15108, -75, -574, 323
4292, 668, 660, 13740, -496, -165, 405
4333, 1764, 412, 15180, -927, 568, 1073
4376, 4780, -80, 15188, -1644, -1506, 841
4421, 8904, -952, 14172, -2728, -2358, -420
4467, 9912, -1156, 19104, -1570, 2554, -4070
4515, 5464, -684, 20700, 2103, -1980, -8969
4562, -1796, 1872, 18672, 3006, -1275, -7678
4610, -172, 604, 19844, 3799, 614, -7291
4654, -1068, 752, 18092, 5622, -2649, -6594
4701, -2380, 1984, 17396, 5919, -707, -6262
4747, -3060, 2364, 15816, 6424, -1566, -4458
4795, -3460, 2636, 14540, 6280, 1015, -2096
4842, -3460, 1744, 13984, 6151, -282, 31
4886, -2316, 1732, 11156, 5660, 2393, -197
4931, -5652, 2900, 12808, 5078, 2455, 2007
4977, -4944, 2884, 10088, 4171, 2129, 4508
5023, -4020, 3436, 11388, 3514, 2697, 7261
5068, -3876, 3196, 11156, 2247, 1990, 8920
5114, -1236, 2636, 10888, 2489, 3443, 7118
5160, -6200, 6052, 13092, 5408, 1553, 6454
5206, -4772, 5132, 8560, -941, -473, 15581
5252, 5532, 272, 11436, -4749, -902, 14710
5298, 6940, 1344, 13976, -2840, 863, 12068
5343, 13704, -592, 11072, -4302, -993, 7741
5390, 7588, 3220, 10152, -6764, 1571, -137
5436, 7776, 2248, 12136, -8251, 4190, 3937
5481, 9800, 468, 18660, -7282, 5287, -697
5526, 8436, 516, 17672, -5666, -846, -2734
5572, 5460, 2152, 17724, -4949, -2012, -4597
5620, 7592, 344, 17248, -5216, 2277, -7917
5665, 4180, 1716, 17312, -4069, -4016, -7344
5713, 1724, 1140, 16452, -4367, 1486, -8777
5761, 2128, 196, 16152, -3649, -1110, -6004
5807, -832, 980, 20668, -804, 175, -6724
5851, -124, -780, 18400, -37, -2511, -5680
5897, -2148, 796, 18628, 1834, -2218, -4664
5943, 388, -1184, 14292, 2411, -3320, -3602
5990, -2676, 820, 16344, 2368, -408, -2876
6036, 248, -672, 14460, 1875, -812, -419
6079, -40, 64, 15040, 1329, -1098, -777
6122, 1032, 60, 13680, 990, -452, -342
6164, 1492, 408, 14488, 412, 643, -142
6205, 1532, 764, 14544, 221, -557, 342
6247, 1980, 492, 14476, 160, 418, 149
6288, 1792, 1020, 15752, 252, -711, 667
6330, 2804, 736, 14444, 606, -328, 697
6372, 2520, 888, 15288, 215, -982, -69
6413, 2588, 836, 14568, 628, 50, 190
6453, 2500, 916, 15224, 205, -454, -363
6496, 1916, 1316, 14668, 360, -588, 49
6537, 2808, 584, 14972, 274, -117, 111
6579, 1960, 1312, 14652, 291, -823, -167
6623, 2544, 812, 15092, 297, -110, 461
6664, 3036, 516, 14796, 91, -772, -146