5, 1900, 1640, 14592, -120, -366, -145
18, 1788, 1664, 14704, -179, -144, -257
33, 1648, 1756, 15288, -63, -142, -231
74, 1692, 1648, 15416, 228, -434, 97
114, 1836, 1416, 15220, 386, -482, 278
155, 2084, 1412, 15516, 169, -595, -74
197, 1672, 1452, 14912, 296, -854, 269
239, 2360, 1360, 14972, 89, -942, 104
279, 2696, 1252, 14416, -108, -670, -49
322, 2292, 1336, 15500, 293, -437, -205
365, 2516, 1364, 15412, 529, -1141, -69
407, 2708, 1404, 14664, 732, -1150, -273
451, 3236, 1092, 14636, 640, -678, -611
494, 2988, 1168, 14144, 162, -568, -1273
537, 1744, 1384, 14728, 315, 643, -1207
580, 1548, 1520, 14336, 161, 1684, -781
622, 1120, 1956, 15216, 562, 2049, -246
665, 1048, 2232, 14956, 1878, 4703, 1001
709, 2292, 1404, 16464, 899, -909, 712
750, 1636, 1676, 15160, 1145, -1281, -43
794, 1012, 2044, 15800, 1783, 170, 333
836, 1912, 1864, 15004, 1002, -2355, 303
879, 1664, 2204, 14584, 769, -513, 55
920, 2040, 2064, 15024, 591, -472, 318
962, 2592, 1876, 15408, 79, -897, -379
1003, 2112, 2276, 14828, 255, -110, -1169
1048, 1892, 2404, 14948, 545, -68, -326
1091, 2560, 1936, 14432, 110, 11, -1280
1133, 704, 2800, 15288, 471, -217, -508
1176, 1912, 2088, 14504, 96, -283, -761
1218, 908, 2780, 15032, 207, 208, -445
1260, 1708, 2228, 15016, 41, -661, 10
1301, 1844, 2368, 15080, -45, -795, -196
1344, 2004, 2128, 14640, 183, -244, -391
1388, 1752, 2328, 15000, -9, -581, -371
1431, 2056, 2224, 14572, -131, -275, -392
1475, 2112, 1916, 15212, -257, 187, -634
1519, 1660, 2112, 14460, -412, -792, -685
1564, 1804, 1872, 14840, -557, 613, -769
1607, 1584, 1880, 15324, -417, -157, -369
1652, 1452, 1872, 15324, -201, -37, -303
1696, 1448, 1996, 15448, 29, -298, 56
1736, 1612, 2096, 15096, 242, -800, 205
1779, 1972, 1644, 15376, 359, 33, 341
1819, 1892, 1972, 14856, 640, -959, 274
1862, 2168, 1748, 14472, 205, 31, 44
1902, 1608, 2008, 15044, 310, -413, 61
1943, 2244, 1628, 14788, 103, -307, 15
1985, 1836, 1916, 15196, 242, -288, -250
2029, 1656, 1912, 15128, 258, -465, -43
2071, 2048, 1760, 14692, 262, -77, -118
2114, 1476, 2048, 15696, 447, -180, -419
2158, 1872, 1956, 14624, 418, -442, 3
2198, 2048, 1912, 15264, 206, -271, -148
2242, 1740, 2044, 14880, 305, -173, -150
2285, 1888, 2000, 15368, 230, -192, -441
2329, 1756, 2128, 14956, 281, -215, -327
2373, 1368, 2252, 15248, 402, -222, -76
2415, 2400, 1828, 14748, 540, -124, -263
2459, 1564, 1992, 14796, 289, -281, -403
2503, 1680, 2008, 14684, 390, -330, -154
2546, 1752, 1924, 14648, -28, -369, -133
2590, 1964, 1836, 15016, -3, -234, -366
2633, 1640, 1996, 15068, -51, -484, 31
2674, 2048, 1864, 15284, 105, -181, -362
2718, 1668, 2096, 15068, 218, -588, -5
2760, 1972, 2156, 14912, 42, -491, -182
2802, 2040, 1968, 14624, 148, 78, -212
2844, 1804, 2008, 15104, 110, -413, -297
2888, 2048, 1860, 15032, 238, 14, -305
2929, 1716, 2028, 15316, 137, -395, -348
2973, 1800, 1952, 15004, 254, -252, -116
3016, 1624, 2060, 15032, 240, -294, -180
3060, 1720, 2096, 14552, 146, -68, -13
3102, 1776, 1940, 15136, 211, -98, 9
3141, 1888, 1880, 14676, 208, -674, 58
3183, 1960, 1868, 15392, 238, 119, -178
3226, 1812, 2104, 14388, 193, -640, 106
3268, 2184, 1708, 14920, 111, -217, -103
3312, 1732, 1908, 14504, -29, -632, -31
3355, 2192, 1440, 15080, -137, -65, -168
3398, 2296, 1380, 14800, -310, -678, -381
3443, 1508, 1560, 15340, -383, -529, -396
3488, 1540, 1816, 14036, -443, -1533, 302
3532, 1232, 2672, 14280, -705, -1669, 1168
3578, 2532, 4716, 13864, -1793, -2935, 722
3624, 3248, 8280, 15244, -1616, -922, -220
3670, 4264, 13084, 19456, -2123, -59, -1623
3717, 6768, 14696, 17432, 2617, -2964, -3435
3765, 3740, 12944, 15948, 241, 10337, -13954
3812, -14684, 17752, 21244, 6504, 4744, -1655
3861, -8044, 5448, 11600, 5044, -1371, 13050
3909, -156, -8812, 3260, 2611, -4404, 18099
3956, 1376, -18780, 8612, -9334, 14480, 17365
4004, 10136, -18884, 26400, -10932, 23373, 6269
4056, 2268, -7656, 25144, 3945, -9427, -2382
4104, -508, -5828, 11516, 5203, -12077, -7325
4153, -7300, -1896, 10796, 2672, -3934, -8598
4201, -6360, -412, 11028, -279, 2934, -3031
4248, -2740, -3500, 16832, -3656, 2774, 850
4295, 556, -4124, 18572, -947, -3864, 706
4339, 2128, -5004, 12900, 77, -1897, -2695
4385, -1412, -2892, 16532, -666, -3310, -3082
4434, 4800, -4224, 11180, -2874, -440, -4840
4482, -3220, -12, 19380, -34, -665, -4362
4527, 3448, 28, 14172, -1206, 1898, -5880
4572, -3200, 3452, 15828, 603, 1529, -2945
4617, -1560, 3452, 19364, 1458, -185, -1144
4664, 1520, 2828, 10468, 2529, -2656, 2857
4710, -1288, 2760, 15116, 2175, 1748, 1974
4756, 3100, 2172, 17280, -297, 2102, 1413
4800, 4, 3920, 15460, 1599, -674, -1578
4843, -2020, 4840, 14652, 1373, 1665, 2193
4889, 2104, 2016, 15708, 1666, -2265, 2678
4934, 2752, 2604, 13648, 1801, 41, -1226
4978, 792, 3736, 14712, 1396, -1741, 375
5022, 1828, 3172, 14912, 1431, -1231, -1323
5068, 1008, 3684, 14176, 1724, -978, -1816
5114, 92, 3036, 12564, 1295, -1470, -693
5158, -776, 3640, 14144, -475, 263, -584
5201, 280, 3316, 14868, -909, -629, -137
5245, 424, 2980, 16032, -371, 708, -669
5288, -388, 3268, 16916, 390, -118, 312
5330, 456, 2536, 15292, 749, -992, 587
5372, 792, 2476, 14888, 759, -843, 433
5413, 1644, 2036, 14256, 916, -672, 504
5456, 1436, 2316, 14272, 605, -746, -1
5498, 1256, 2260, 14512, 47, -677, -245
5540, 1692, 1880, 14640, -64, -163, -702
5584, 52, 2496, 15764, 109, 336, -53
5624, 1328, 1788, 15556, 440, -781, 874
5666, 1708, 1584, 15696, 576, -780, -955
5710, -264, 2416, 14252, 1121, -639, -194